00000000000000000000111110010011
00000000000000000000111100010011
00000000000000000000010110010011
00000000000000000000010110010011
00000000000100000000010110010011
00000000000000000000010110010011
00000000000000000000111110010011
00000000000000000000111110010011
00000000000100000000111110010011
00000000000000000000111100010011
00000000000000000000111100010011
00000000000100000000111100010011
00000000000000000000010110010011
00000000000000000000010110010011
00000000000100000000010110010011
00000000000000000000010110010011
00000000000000000000111110010011
00000000000000000000111110010011
00111110100000000000111110010011
00000000000000000000111100010011
00000000000000000000111100010011
00111110100000000000111100010011
00000000000000000000010110010011
00000000000000000000010110010011
00000000000100000000010110010011
00000000000000000000010110010011
00000000000000000000111110010011
00000000000000000000111110010011
01111111111100000000111110010011
00000000000000000000111100010011
00000000000000000000111100010011
01111111111100000000111100010011
00000000000000000000010110010011
00000000000000000000010110010011
00000000000100000000010110010011
00000000000000000000010110010011
00000000000000000000111110010011
00000000000000000000111110010011
00111110100000000000111110010011
11111111111111111100111110010011
00000000000111111000111110010011
00000000000000000000111100010011
00000000000000000000111100010011
00111110100000000000111100010011
11111111111111110100111100010011
00000000000111110000111100010011
00000000000000000000010110010011
00000000000000000000010110010011
00000000000100000000010110010011
00000000000000000000010110010011
00000000000000000000111110010011
00000000000000000001111110110111
10000000000011111000111110010011
11111111111111111100111110010011
00000000000111111000111110010011
00000000000000000000111100010011
00000000000000000001111100110111
10000000000011110000111100010011
11111111111111110100111100010011
00000000000111110000111100010011
00000000000000000000010110010011
00000000000000000000010110010011
00000000000100000000010110010011
00000000000000000000010110010011
00000000000000000000111110010011
00000000000000000001111110110111
10000000000011111000111110010011
00000000000000000000111100010011
00000000000000000001111100110111
10000000000011110000111100010011
00000000000000000000010110010011
00000000000000000000010110010011
00000000000100000000010110010011
00000000000000000000010110010011
00000000000000000000111110010011
00000000000000011000111110110111
01101010000011111000111110010011
00000000000000000000111100010011
00000000000000011000111100110111
01101010000011110000111100010011
00000000000000000000010110010011
00000000000000000000010110010011
00000000000100000000010110010011
00000000000000000000010110010011
00000000000000000000111110010011
10000000000000000000111110110111
11111111111111111000111110010011
00000000000000000000111100010011
10000000000000000000111100110111
11111111111111110000111100010011
00000000000000000000010110010011
00000000000000000000010110010011
00000000000100000000010110010011
00000000000000000000010110010011
00000000000000000000111110010011
00000000101111111001111110010011
00111111111111111110111110010011
00000000101111111001111110010011
01111111111111111110111110010011
00000000101111111001111110010011
01111111111111111110111110010011
00000000000000000000111100010011
00000000101111110001111100010011
00111111111111110110111100010011
00000000101111110001111100010011
01111111111111110110111100010011
00000000101111110001111100010011
01111111111111110110111100010011
00000000000000000000010110010011
00000000000000000000010110010011
00000000000100000000010110010011
00000000000000000000010110010011
00000000000000000000111110010011
00000000000000000001111110110111
10000000000111111000111110010011
11111111111111111100111110010011
00000000000111111000111110010011
00000000000000000000111100010011
00000000000000000001111100110111
10000000000111110000111100010011
11111111111111110100111100010011
00000000000111110000111100010011
00000000000000000000010110010011
00000000000000000000010110010011
00000000000100000000010110010011
00000000000000000000010110010011
00000000000000000000111110010011
00000000101111111001111110010011
00100000000011111110111110010011
00000001011011111001111110010011
11111111111111111100111110010011
00000000000111111000111110010011
00000000000000000000111100010011
00000000101111110001111100010011
00100000000011110110111100010011
00000001011011110001111100010011
11111111111111110100111100010011
00000000000111110000111100010011
00000000000000000000010110010011
00000000000000000000010110010011
00000000000100000000010110010011
00000000000000000000010110010011
00000000000000000000111110010011
00000000101111111001111110010011
00100000000011111110111110010011
00000001011011111001111110010011
00000000000000000000111100010011
00000000101111110001111100010011
00100000000011110110111100010011
00000001011011110001111100010011
00000000000000000000010110010011
00000000000000000000010110010011
00000000000100000000010110010011
00000000000000000000010110010011
00000000000000000000111110010011
00010010001101000101111110110111
00000000000111111101111110010011
00110011110011111110111110010011
00000000101111111001111110010011
00100110101011111110111110010011
00000000101111111001111110010011
01111001101111111110111110010011
00000000101111111001111110010011
01101111000011111110111110010011
00000000000000000000111100010011
00010010001101000101111100110111
00000000000111110101111100010011
00110011110011110110111100010011
00000000101111110001111100010011
00100110101011110110111100010011
00000000101111110001111100010011
01111001101111110110111100010011
00000000101111110001111100010011
01101111000011110110111100010011
00000000000000000000010110010011
00000000000000000000010110010011
00000000000100000000010110010011
00000000000000000000010110010011
00000000000000000000111110010011
01111111111111111111111110110111
00000000000111111101111110010011
01111111111111111110111110010011
00000000101111111001111110010011
01111111111111111110111110010011
00000000101111111001111110010011
01111111111111111110111110010011
00000000101111111001111110010011
01111111111111111110111110010011
00000000000000000000111100010011
01111111111111111111111100110111
00000000000111110101111100010011
01111111111111110110111100010011
00000000101111110001111100010011
01111111111111110110111100010011
00000000101111110001111100010011
01111111111111110110111100010011
00000000101111110001111100010011
01111111111111110110111100010011
00000000000000000000010110010011
00000000000000000000010110010011
00000000000100000000010110010011
00000000000000000000010110010011
00000000000000000000111110010011
11111111111111111111111110110111
00000000000111111101111110010011
01111111111111111110111110010011
00000000101111111001111110010011
01111111111111111110111110010011
00000000101111111001111110010011
01111111111111111110111110010011
00000000101111111001111110010011
01111111111111111110111110010011
00000000000000000000111100010011
11111111111111111111111100110111
00000000000111110101111100010011
01111111111111110110111100010011
00000000101111110001111100010011
01111111111111110110111100010011
00000000101111110001111100010011
01111111111111110110111100010011
00000000101111110001111100010011
01111111111111110110111100010011
00000000000000000000010110010011
00000000000000000000010110010011
00000000000100000000010110010011
00000000000000000000010110010011
00000000000000000000111110010011
00000000000000000000111110010011
00000000000100000000111110010011
11111111111111111100111110010011
00000000000111111000111110010011
00000000000000000000111100010011
00000000000000000000111100010011
00000000000100000000111100010011
11111111111111110100111100010011
00000000000111110000111100010011
00000000000000000000010110010011
00000000000000000000010110010011
00000000000100000000010110010011
00000000000000000000010110010011
00000000000000000000111110010011
10000000000000000000111110110111
00000000000111111101111110010011
00000010000111111001111110010011
00000000000000000000111100010011
10000000000000000000111100110111
00000000000111110101111100010011
00000010000111110001111100010011
00000000000000000000010110010011
00000000000000000000010110010011
00000000000100000000010110010011
00000000000000000000010110010011
00000000000000000000111110010011
11000000000000000000111110110111
00000000000111111101111110010011
00000010000111111001111110010011
00000000000000000000111100010011
11000000000000000000111100110111
00000000000111110101111100010011
00000010000111110001111100010011
00000000000000000000010110010011
00000000000000000000010110010011
00000000000100000000010110010011
00000000000000000000010110010011
00000000000000000000111110010011
10101010101010101010111110110111
00000000000111111101111110010011
01010101010111111110111110010011
00000000101111111001111110010011
00101010101011111110111110010011
00000000101111111001111110010011
01010101010111111110111110010011
00000000101111111001111110010011
00101010101011111110111110010011
00000000000000000000111100010011
10101010101010101010111100110111
00000000000111110101111100010011
01010101010111110110111100010011
00000000101111110001111100010011
00101010101011110110111100010011
00000000101111110001111100010011
01010101010111110110111100010011
00000000101111110001111100010011
00101010101011110110111100010011
00000000000000000000010110010011
00000000000000000000010110010011
00000000000100000000010110010011
00000000000000000000010110010011
00000000000000000000111110010011
01010101010101010101111110110111
00000000000111111101111110010011
00101010101011111110111110010011
00000000101111111001111110010011
01010101010111111110111110010011
00000000101111111001111110010011
00101010101011111110111110010011
00000000101111111001111110010011
01010101010111111110111110010011
00000000000000000000111100010011
01010101010101010101111100110111
00000000000111110101111100010011
00101010101011110110111100010011
00000000101111110001111100010011
01010101010111110110111100010011
00000000101111110001111100010011
00101010101011110110111100010011
00000000101111110001111100010011
01010101010111110110111100010011
00000000000000000000010110010011
00000000000000000000010110010011
00000000000100000000010110010011
00000000000000000000010110010011
00000000000000000000111110010011
00000000101111111001111110010011
00101010101011111110111110010011
00000000101111111001111110010011
01010101010111111110111110010011
00000000101111111001111110010011
00101010101011111110111110010011
00000000000000000000111100010011
00000000101111110001111100010011
00101010101011110110111100010011
00000000101111110001111100010011
01010101010111110110111100010011
00000000101111110001111100010011
00101010101011110110111100010011
00000000000000000000010110010011
00000000000000000000010110010011
00000000000100000000010110010011
00000000000000000000010110010011
00000000000000000000111110010011
01010101010101010101111110110111
01010101010111111000111110010011
00000000000000000000111100010011
01010101010101010101111100110111
01010101010111110000111100010011
00000000000000000000010110010011
00000000000000000000010110010011
00000000000100000000010110010011
00000000000000000000010110010011
00000000000000000000111110010011
00000000101010111101111110110111
10000000000011111000111110010011
00000000000000000000111100010011
00000000101010111101111100110111
10000000000011110000111100010011
00000000000000000000010110010011
00000000000000000000010110010011
00000000000100000000010110010011
00000000000000000000010110010011
00000000000000000000111110010011
00000000000100100100111110110111
11111111111111111000111110010011
00000000000000000000111100010011
00000000000100100100111100110111
11111111111111110000111100010011
00000000000000000000010110010011
00000000000000000000010110010011
00000000000100000000010110010011
00000000000000000000010110010011
00000000000000000000111110010011
00000000101111111001111110010011
00111111111111111110111110010011
00000000101111111001111110010011
01111111110111111110111110010011
00000000101111111001111110010011
00000000000000000000111100010011
00000000101111110001111100010011
00111111111111110110111100010011
00000000101111110001111100010011
01111111110111110110111100010011
00000000101111110001111100010011
00000000000000000000010110010011
00000000000000000000010110010011
00000000000100000000010110010011
00000000000000000000010110010011
00000000000000000000111110010011
00000000101111111001111110010011
01000000000011111110111110010011
00000001011011111001111110010011
00000000000000000000111100010011
00000000101111110001111100010011
01000000000011110110111100010011
00000001011011110001111100010011
00000000000000000000010110010011
00000000000000000000010110010011
00000000000100000000010110010011
00000000000000000000010110010011
00000000000000000000111110010011
11111111111111111111111110110111
00000000000111111101111110010011
01111111111111111110111110010011
00000000101111111001111110010011
01000000000011111110111110010011
00000001011011111001111110010011
00000000000000000000111100010011
11111111111111111111111100110111
00000000000111110101111100010011
01111111111111110110111100010011
00000000101111110001111100010011
01000000000011110110111100010011
00000001011011110001111100010011
00000000000000000000010110010011
00000000000000000000010110010011
00000000000100000000010110010011
00000000000000000000010110010011
00000000000000000000111110010011
11111110110111001011111110110111
00000000000111111101111110010011
01010100110011111110111110010011
00000000101111111001111110010011
00011101100111111110111110010011
00000000101111111001111110010011
00101000011011111110111110010011
00000000101111111001111110010011
00100001000011111110111110010011
00000000000000000000111100010011
11111110110111001011111100110111
00000000000111110101111100010011
01010100110011110110111100010011
00000000101111110001111100010011
00011101100111110110111100010011
00000000101111110001111100010011
00101000011011110110111100010011
00000000101111110001111100010011
00100001000011110110111100010011
00000000000000000000010110010011
00000000000000000000010110010011
00000000000100000000010110010011
00000000000000000000010110010011
00000000000000000000111110010011
00010010001101001010111110110111
00000000000111111101111110010011
01011110011011111110111110010011
00000000101111111001111110010011
01010000110011111110111110010011
00000000101111111001111110010011
01000011110111111110111110010011
00000000101111111001111110010011
01110000000111111110111110010011
00000000000000000000111100010011
00010010001101001010111100110111
00000000000111110101111100010011
01011110011011110110111100010011
00000000101111110001111100010011
01010000110011110110111100010011
00000000101111110001111100010011
01000011110111110110111100010011
00000000101111110001111100010011
01110000000111110110111100010011
00000000000000000000010110010011
00000000000000000000010110010011
00000000000100000000010110010011
00000000000000000000010110010011
