00011100000000000000000001101111
00010100001000000010001101110011
00000000000000000000001110010011
10000000000000000000001110110111
00000000000100111101001110010011
00000010000100111001001110010011
00000000010100111110001110010011
00000010011100110000011001100011
00000000000000000000001110010011
10000000000000000000001110110111
00000000000100111101001110010011
00000010000100111001001110010011
00000000000100111110001110010011
00000100011100110000000001100011
00010100000100000010001111110011
00000000010000111000001110010011
00010100000100111001000001110011
00010000001000000000000001110011
00000101010000000000010100010011
00000000000000000000000010010111
00000100100000001000000011100111
11000000000100000010010101110011
00000000000000000000001010010011
00000000000000011000001010110111
01101010000000101000001010010011
00000000010101010000010100110011
00000000000000000000100010010011
00000000000000000000000001110011
00010000001000000000000001110011
00000101001100000000010100010011
00000000000000000000000010010111
00000001110000001000000011100111
00000000000000000000001110010011
00000000000000000000001110010011
00000000001000000000001110010011
00010100010000111011000001110011
00010000001000000000000001110011
11111111100000010000000100010011
00000000000100010011000000100011
00000000000000000000100010010011
00000000000000000000100010010011
00000000000100000000100010010011
00000000000000000000000001110011
00000000000000010011000010000011
00000000100000010000000100010011
00000000000000001000000001100111
11111110100000010000000100010011
00000000000100010011000000100011
00000000101000010011010000100011
00000000100100010011100000100011
00000000000001010000010010010011
00000000000001001100010100000011
00000000000001010000111001100011
00000000000000000000100010010011
00000000000000000000100010010011
00000000000100000000100010010011
00000000000000000000000001110011
00000000000101001000010010010011
11111110010111111111000001101111
00000000000000010011000010000011
00000000100000010011010100000011
00000001000000010011010010000011
00000001100000010000000100010011
00000000000000001000000001100111
11111111000000010000000100010011
00000000101000010011000000100011
00000000000100010011010000100011
00000000000000010000010100010011
00000000000000000000000010010111
11111010100000001000000011100111
00000000000000010011010100000011
00000000100000010011000010000011
00000001000000010000000100010011
00000000000000001000000001100111
11111101100000010000000100010011
00000000000100010011000000100011
00000000100000010011010000100011
00000000100100010011100000100011
00000001001000010011110000100011
00000011001100010011000000100011
00000000000001010000010000010011
00000000000000000000010100010011
00000000000000000000010100010011
00000011000000000000010100010011
00000000000000000000000010010111
11110100010000001000000011100111
00000000000000000000010100010011
00000000000000000000010100010011
00000111100000000000010100010011
00000000000000000000000010010111
11110011000000001000000011100111
00000000000000000000010010010011
00000000000000000000010010010011
00000011110000000000010010010011
00000000100101000101100100110011
00000000111110010111100100010011
00000000101010010010100110010011
00000000000010011000011001100011
00000011000010010000010100010011
00000000100000000000000001101111
00000011011110010000010100010011
00000000000000000000000010010111
11110000000000001000000011100111
11111111110001001000010010010011
11111100000001001101110011100011
00000000000000010011000010000011
00000000100000010011010000000011
00000001000000010011010010000011
00000001100000010011100100000011
00000010000000010011100110000011
00000010100000010000000100010011
00000000000000001000000001100111
00000000000000000000000100010011
00000000101100010001000100010011
00100000000100010110000100010011
00000000101100010001000100010011
01100000000000010110000100010011
00000000101100010001000100010011
00000000000000000000001010010011
00000000000000000000001010010011
00000110010000000000001010010011
11000000000100000010010101110011
00000000000000000000000010010111
11110100000000001000000011100111
11111111111100101000001010010011
11111110000000101001100011100011
00000000000000000000001010010111
11100000110000101000001010010011
00010000010100101001000001110011
00000000000100000000000001110011
11111111000000010000110100010011
00000000000011010011000000100011
00000000000000000000000000001111
00000000000000000000110110010011
00000000000000000000110110010011
01010000000100000000110110010011
00000000000000000000010110010011
10011110001101111111010110110111
00000000000101011101010110010011
01111111111101011110010110010011
00000000101101011001010110010011
01111111111101011110010110010011
00000000101101011001010110010011
01111000000001011110010110010011
00000000101101011001010110010011
00000000000101011110010110010011
00000000000000000000011000010011
00000000000000000000011000010011
00000000001000000000011000010011
00000010110001011000001100110011
00000000000000000000001110010011
00111100011011111111001110110111
00000000000100111101001110010011
01111111111100111110001110010011
00000000101100111001001110010011
01111111111100111110001110010011
00000000101100111001001110010011
01110000000000111110001110010011
00000000101100111001001110010011
00000000001000111110001110010011
00001110011100110001111001100011
00000000000000000000110110010011
00000000000000000001110110110111
10100000000111011000110110010011
00000000000000000000001100010011
00000000111111110000001100110111
00000000000000110000001100010011
00000000011011010011000000100011
00000000000000000000001110010011
00000000000000010000001110110111
11110000000000111000001110010011
01000000011111010011111000101111
00000000000011010011111010000011
00000000000000000000111100010011
00000001000000000000111100110111
11110000000011110000111100010011
00001011111011101001111001100011
00001010011011100001110001100011
00000000000000000000110110010011
00000000000000000001110110110111
10100000001011011000110110010011
00000000000000000000001100010011
00000000000000000000001100010011
00000000000100000000001100010011
00000000000011010010000000100011
00001000011011010010001110101111
00000000000011010010111000000011
00001000000000111001100001100011
00000000000000000000111010010011
00000000000000000000111010010011
00000000000100000000111010010011
00001001110111100001000001100011
00000000000000000000110110010011
00000000000000000001110110110111
10100000010011011000110110010011
00000000000000000000010110010011
01000000000000000000010110110111
00000000000001011000010110010011
00000000000000000000011000010011
00000000000000000000011000010011
00000000001000000000011000010011
00000010110001011000001100111011
00000000000011010010000000100011
00000000011011010010001110101111
00000000000011010010111000000011
11111111111100000000111010010011
00000001111111101001111010010011
00000101110111100001000001100011
00000000000000000000110110010011
00000000101111011001110110010011
00100000000011011110110110010011
00000001011011011001110110010011
00000000000000000000010100010011
00000010100101010110010100010011
00000000101101010001010100010011
01010100110101010110010100010011
00000000101101010001010100010011
00000010101001010110010100010011
00000000101101010001010100010011
00000000101001010110010100010011
00000000000000000000000010010111
11011001000000001000000011100111
00000011100000000000000001101111
00000000000011011000010100010011
00000000000000000000000010010111
11011010100000001000000011100111
00000000000000000000010100010011
00000010011001010110010100010011
00000000101101010001010100010011
00010010010101010110010100010011
00000000101101010001010100010011
00000010100001010110010100010011
00000000101101010001010100010011
01100000101001010110010100010011
00000000000000000000000010010111
11010101100000001000000011100111
00000000000000000000100010010011
00000000000000000000100010010011
00000000001000000000100010010011
00000000000000000000000001110011
11111110000001010100100011100011
00000000000001010000100110010011
00000000000010011000010100010011
00000000000000000000100010010011
00000000000000000000100010010011
00000000000100000000100010010011
00000000000000000000000001110011
11111101010111111111000001101111
00000000000000000000000001101111
00000000000000000000000000000000
00000000000000000000000000000000
00000000000000000000000000000000
00000000000000000000000000000000
00000000000000000000000000000000
00000000000000000000000000000000
00000000000000000000000000000000
00000000000000000000000000000000
00000000000000000000000000000000
00000000000000000000000000000000
00000000000000000000000000000000
00000000000000000000000000000000
00000000000000000000000000000000
00000000000000000000000000000000
00000000000000000000000000000000
00000000000000000000000000000000
00000000000000000000000000000000
00000000000000000000000000000000
00000000000000000000000000000000
00000000000000000000000000000000
00000000000000000000000000000000
00000000000000000000000000000000
00000000000000000000000000000000
00000000000000000000000000000000
00000000000000000000000000000000
00000000000000000000000000000000
00000000000000000000000000000000
00000000000000000000000000000000
00000000000000000000000000000000
00000000000000000000000000000000
00000000000000000000000000000000
00000000000000000000000000000000
00000000000000000000000000000000
00000000000000000000000000000000
00000000000000000000000000000000
00000000000000000000000000000000
00000000000000000000000000000000
00000000000000000000000000000000
00000000000000000000000000000000
00000000000000000000000000000000
00000000000000000000000000000000
00000000000000000000000000000000
00000000000000000000000000000000
00000000000000000000000000000000
00000000000000000000000000000000
00000000000000000000000000000000
00000000000000000000000000000000
00000000000000000000000000000000
00000000000000000000000000000000
00000000000000000000000000000000
00000000000000000000000000000000
00000000000000000000000000000000
00000000000000000000000000000000
00000000000000000000000000000000
00000000000000000000000000000000
00000000000000000000000000000000
00000000000000000000000000000000
00000000000000000000000000000000
00000000000000000000000000000000
00000000000000000000000000000000
00000000000000000000000000000000
00000000000000000000000000000000
00000000000000000000000000000000
00000000000000000000000000000000
00000000000000000000000000000000
00000000000000000000000000000000
00000000000000000000000000000000
00000000000000000000000000000000
00000000000000000000000000000000
00000000000000000000000000000000
00000000000000000000000000000000
00000000000000000000000000000000
00000000000000000000000000000000
00000000000000000000000000000000
00000000000000000000000000000000
00000000000000000000000000000000
00000000000000000000000000000000
00000000000000000000000000000000
00000000000000000000000000000000
00000000000000000000000000000000
00000000000000000000000000000000
00000000000000000000000000000000
00000000000000000000000000000000
00000000000000000000000000000000
00000000000000000000000000000000
00000000000000000000000000000000
00000000000000000000000000000000
00000000000000000000000000000000
00000000000000000000000000000000
00000000000000000000000000000000
00000000000000000000000000000000
00000000000000000000000000000000
00000000000000000000000000000000
00000000000000000000000000000000
00000000000000000000000000000000
00000000000000000000000000000000
00000000000000000000000000000000
00000000000000000000000000000000
00000000000000000000000000000000
00000000000000000000000000000000
00000000000000000000000000000000
00000000000000000000000000000000
00000000000000000000000000000000
00000000000000000000000000000000
00000000000000000000000000000000
00000000000000000000000000000000
00000000000000000000000000000000
00000000000000000000000000000000
00000000000000000000000000000000
00000000000000000000000000000000
00000000000000000000000000000000
00000000000000000000000000000000
00000000000000000000000000000000
00000000000000000000000000000000
00000000000000000000000000000000
00000000000000000000000000000000
00000000000000000000000000000000
00000000000000000000000000000000
00000000000000000000000000000000
00000000000000000000000000000000
00000000000000000000000000000000
00000000000000000000000000000000
00000000000000000000000000000000
00000000000000000000000000000000
00000000000000000000000000000000
00000000000000000000000000000000
00000000000000000000000000000000
00000000000000000000000000000000
00000000000000000000000000000000
00000000000000000000000000000000
00000000000000000000000000000000
00000000000000000000000000000000
00000000000000000000000000000000
00000000000000000000000000000000
00000000000000000000000000000000
00000000000000000000000000000000
00000000000000000000000000000000
00000000000000000000000000000000
00000000000000000000000000000000
00000000000000000000000000000000
00000000000000000000000000000000
00000000000000000000000000000000
00000000000000000000000000000000
00000000000000000000000000000000
00000000000000000000000000000000
00000000000000000000000000000000
00000000000000000000000000000000
00000000000000000000000000000000
00000000000000000000000000000000
00000000000000000000000000000000
00000000000000000000000000000000
00000000000000000000000000000000
00000000000000000000000000000000
00000000000000000000000000000000
00000000000000000000000000000000
00000000000000000000000000000000
00000000000000000000000000000000
00000000000000000000000000000000
00000000000000000000000000000000
00000000000000000000000000000000
00000000000000000000000000000000
00000000000000000000000000000000
00000000000000000000000000000000
00000000000000000000000000000000
00000000000000000000000000000000
00000000000000000000000000000000
00000000000000000000000000000000
00000000000000000000000000000000
00000000000000000000000000000000
00000000000000000000000000000000
00000000000000000000000000000000
00000000000000000000000000000000
00000000000000000000000000000000
00000000000000000000000000000000
00000000000000000000000000000000
00000000000000000000000000000000
00000000000000000000000000000000
00000000000000000000000000000000
00000000000000000000000000000000
00000000000000000000000000000000
00000000000000000000000000000000
00000000000000000000000000000000
00000000000000000000000000000000
00000000000000000000000000000000
00000000000000000000000000000000
00000000000000000000000000000000
00000000000000000000000000000000
00000000000000000000000000000000
00000000000000000000000000000000
00000000000000000000000000000000
00000000000000000000000000000000
00000000000000000000000000000000
00000000000000000000000000000000
00000000000000000000000000000000
00000000000000000000000000000000
00000000000000000000000000000000
00000000000000000000000000000000
00000000000000000000000000000000
00000000000000000000000000000000
00000000000000000000000000000000
00000000000000000000000000000000
00000000000000000000000000000000
00000000000000000000000000000000
00000000000000000000000000000000
00000000000000000000000000000000
00000000000000000000000000000000
00000000000000000000000000000000
00000000000000000000000000000000
00000000000000000000000000000000
00000000000000000000000000000000
00000000000000000000000000000000
00000000000000000000000000000000
00000000000000000000000000000000
00000000000000000000000000000000
00000000000000000000000000000000
00000000000000000000000000000000
00000000000000000000000000000000
00000000000000000000000000000000
00000000000000000000000000000000
00000000000000000000000000000000
00000000000000000000000000000000
00000000000000000000000000000000
00000000000000000000000000000000
00000000000000000000000000000000
00000000000000000000000000000000
00000000000000000000000000000000
00000000000000000000000000000000
00000000000000000000000000000000
00000000000000000000000000000000
00000000000000000000000000000000
00000000000000000000000000000000
00000000000000000000000000000000
00000000000000000000000000000000
00000000000000000000000000000000
00000000000000000000000000000000
00000000000000000000000000000000
00000000000000000000000000000000
00000000000000000000000000000000
00000000000000000000000000000000
00000000000000000000000000000000
00000000000000000000000000000000
00000000000000000000000000000000
00000000000000000000000000000000
00000000000000000000000000000000
00000000000000000000000000000000
00000000000000000000000000000000
00000000000000000000000000000000
00000000000000000000000000000000
00000000000000000000000000000000
00000000000000000000000000000000
00000000000000000000000000000000
00000000000000000000000000000000
00000000000000000000000000000000
00000000000000000000000000000000
00000000000000000000000000000000
00000000000000000000000000000000
00000000000000000000000000000000
00000000000000000000000000000000
00000000000000000000000000000000
00000000000000000000000000000000
00000000000000000000000000000000
00000000000000000000000000000000
00000000000000000000000000000000
00000000000000000000000000000000
00000000000000000000000000000000
00000000000000000000000000000000
00000000000000000000000000000000
00000000000000000000000000000000
00000000000000000000000000000000
00000000000000000000000000000000
00000000000000000000000000000000
00000000000000000000000000000000
00000000000000000000000000000000
00000000000000000000000000000000
00000000000000000000000000000000
00000000000000000000000000000000
00000000000000000000000000000000
00000000000000000000000000000000
00000000000000000000000000000000
00000000000000000000000000000000
00000000000000000000000000000000
00000000000000000000000000000000
00000000000000000000000000000000
00000000000000000000000000000000
00000000000000000000000000000000
00000000000000000000000000000000
00000000000000000000000000000000
00000000000000000000000000000000
00000000000000000000000000000000
00000000000000000000000000000000
00000000000000000000000000000000
00000000000000000000000000000000
00000000000000000000000000000000
00000000000000000000000000000000
00000000000000000000000000000000
00000000000000000000000000000000
00000000000000000000000000000000
00000000000000000000000000000000
00000000000000000000000000000000
00000000000000000000000000000000
00000000000000000000000000000000
00000000000000000000000000000000
00000000000000000000000000000000
00000000000000000000000000000000
00000000000000000000000000000000
00000000000000000000000000000000
00000000000000000000000000000000
00000000000000000000000000000000
00000000000000000000000000000000
00000000000000000000000000000000
00000000000000000000000000000000
00000000000000000000000000000000
00000000000000000000000000000000
00000000000000000000000000000000
00000000000000000000000000000000
00000000000000000000000000000000
00000000000000000000000000000000
00000000000000000000000000000000
00000000000000000000000000000000
00000000000000000000000000000000
00000000000000000000000000000000
00000000000000000000000000000000
00000000000000000000000000000000
00000000000000000000000000000000
00000000000000000000000000000000
00000000000000000000000000000000
00000000000000000000000000000000
00000000000000000000000000000000
00000000000000000000000000000000
00000000000000000000000000000000
00000000000000000000000000000000
00000000000000000000000000000000
00000000000000000000000000000000
00000000000000000000000000000000
00000000000000000000000000000000
00000000000000000000000000000000
00000000000000000000000000000000
00000000000000000000000000000000
00000000000000000000000000000000
00000000000000000000000000000000
00000000000000000000000000000000
00000000000000000000000000000000
00000000000000000000000000000000
00000000000000000000000000000000
00000000000000000000000000000000
00000000000000000000000000000000
00000000000000000000000000000000
00000000000000000000000000000000
00000000000000000000000000000000
00000000000000000000000000000000
00000000000000000000000000000000
00000000000000000000000000000000
00000000000000000000000000000000
00000000000000000000000000000000
00000000000000000000000000000000
00000000000000000000000000000000
00000000000000000000000000000000
00000000000000000000000000000000
00000000000000000000000000000000
00000000000000000000000000000000
00000000000000000000000000000000
00000000000000000000000000000000
00000000000000000000000000000000
00000000000000000000000000000000
00000000000000000000000000000000
00000000000000000000000000000000
00000000000000000000000000000000
00000000000000000000000000000000
00000000000000000000000000000000
00000000000000000000000000000000
00000000000000000000000000000000
00000000000000000000000000000000
00000000000000000000000000000000
00000000000000000000000000000000
00000000000000000000000000000000
00000000000000000000000000000000
00000000000000000000000000000000
00000000000000000000000000000000
00000000000000000000000000000000
00000000000000000000000000000000
00000000000000000000000000000000
00000000000000000000000000000000
00000000000000000000000000000000
00000000000000000000000000000000
00000000000000000000000000000000
00000000000000000000000000000000
00000000000000000000000000000000
00000000000000000000000000000000
00000000000000000000000000000000
00000000000000000000000000000000
00000000000000000000000000000000
00000000000000000000000000000000
00000000000000000000000000000000
