00000000000000000000010100010011
00000000000000000000010100010011
00000000000100000000010100010011
00000000000000000000010110010111
11111111010001011000010110010011
00000000000000000000011000010011
00000000000000000000011000010011
00000001001000000000011000010011
00000000000000000000100010010011
00000000000000000000100010010011
00000100000000000000100010010011
00000000000000000000000001110011
00000000000000000000010100010011
00000000000000000000010110010111
11111100110001011000010110010011
00000000000000000000011000010011
00000000000000000000011000010011
00000000000100000000011000010011
00000000000000000000100010010011
00000000000000000000100010010011
00000011111100000000100010010011
00000000000000000000000001110011
00000000000000000000010100010011
00000000000000000000010100010011
00000000000100000000010100010011
00000000000000000000010110010111
11111001110001011000010110010011
00000000000000000000011000010011
00000000000000000000011000010011
00000000000100000000011000010011
00000000000000000000100010010011
00000000000000000000100010010011
00000100000000000000100010010011
00000000000000000000000001110011
00000001000100000000000000010011
00000010001000000000000000010011
00000011001100000000000000010011
11111001110111111111000001101111
